0
2840
5658
8435
11147
13776
16301
18704
20965
23069
24999
26741
28282
29610
30714
31588
32224
32617
32765
32666
32322
31734
30907
29848
28563
27064
25361
23468
21397
19166
16790
14288
11678
8980
6215
3403
566
-2275
-5100
-7886
-10613
-13260
-15808
-18236
-20527
-22663
-24629
-26410
-27992
-29363
-30513
-31433
-32117
-32559
-32755
-32706
-32410
-31870
-31090
-30077
-28837
-27379
-25716
-23859
-21823
-19622
-17274
-14795
-12205
-9524
-6770
-3966
-1132
1710
4540
7336
10076
12741
15309
17763
20083
22251
24252
26071
27693
29107
30302
31268
32000
32490
32736
32735
32488
31997
31265
30297
29101
27686
26063
24244
22242
20072
17752
15298
12729
10064
7323
4527
1697
-1144
-3979
-6783
-9536
-12217
-14807
-17284
-19632
-21832
-23868
-25724
-27386
-28843
-30082
-31094
-31873
-32412
-32707
-32755
-32557
-32114
-31429
-30508
-29357
-27985
-26402
-24621
-22654
-20517
-18225
-15796
-13249
-10601
-7874
-5087
-2262
579
3416
6228
8993
11690
14299
16801
19176
21407
23477
25370
27071
28570
29853
30911
31737
32324
32667
32765
32616
32222
31585
30710
29604
28275
26734
24991
23060
20955
18693
16290
13764
11135
8422
5646
2827
-12
-2852
-5671
-8447
-11159
-13788
-16312
-18714
-20975
-23078
-25007
-26748
-28288
-29615
-30719
-31592
-32226
-32619
-32765
-32665
-32320
-31731
-30903
-29842
-28557
-27057
-25353
-23459
-21387
-19155
-16779
-14276
-11666
-8968
-6203
-3390
-553
2288
5113
7899
10625
13272
15819
18247
20537
22673
24638
26418
27998
29368
30517
31437
32119
32560
32756
32705
32408
31867
31086
30072
28830
27372
25708
23850
21813
19612
17263
14784
12193
9511
6758
3953
1119
-1723
-4553
-7348
-10088
-12753
-15321
-17774
-20093
-22261
-24261
-26079
-27700
-29113
-30307
-31272
-32002
-32492
-32736
-32735
-32487
-31994
-31261
-30292
-29095
-27679
-26055
-24235
-22232
-20062
-17741
-15287
-12717
-10052
-7311
-4514
-1684
1157
3991
6795
9548
12229
14818
17295
19643
21842
23877
25732
27393
28849
30087
31099
31876
32414
32707
32755
32556
32112
31426
30503
29351
27978
26395
24612
22645
20507
18215
15785
13237
10589
7861
5075
2250
-591
-3429
-6241
-9005
-11702
-14311
-16812
-19187
-21417
-23486
-25378
-27079
-28576
-29858
-30916
-31740
-32326
-32668
-32765
-32615
-32219
-31581
-30705
-29598
-28269
-26726
-24982
-23051
-20945
-18682
-16279
-13753
-11123
-8410
-5633
-2814
25
2865
5684
8460
11172
13799
16324
18725
20985
23087
25016
26756
28295
29621
30723
31595
32229
32620
32765
32664
32318
31727
30898
29837
28551
27050
25345
23450
21378
19145
16768
14265
11654
8956
6190
3378
540
-2301
-5125
-7911
-10638
-13284
-15830
-18257
-20547
-22682
-24646
-26425
-28005
-29374
-30522
-31440
-32122
-32561
-32756
-32704
-32406
-31864
-31082
-30066
-28824
-27365
-25700
-23842
-21804
-19601
-17252
-14772
-12181
-9499
-6745
-3940
-1106
1736
4565
7361
10101
12764
15332
17784
20103
22270
24270
26086
27707
29119
30312
31276
32005
32493
32737
32734
32485
31991
31257
30287
29089
27672
26047
24226
22223
20052
17730
15275
12705
10039
7298
4502
1672
-1170
-4004
-6808
-9561
-12241
-14830
-17306
-19653
-21851
-23886
-25740
-27401
-28855
-30092
-31103
-31879
-32416
-32708
-32754
-32554
-32109
-31422
-30499
-29345
-27972
-26387
-24604
-22636
-20497
-18204
-15774
-13225
-10577
-7849
-5062
-2237
604
3442
6253
9018
11714
14322
16823
19197
21426
23494
25386
27086
28582
29863
30920
31743
32328
32669
32765
32614
32217
31578
30701
29593
28262
26719
24974
23042
20936
18672
16268
13741
11111
8397
5620
2801
-38
-2878
-5696
-8472
-11184
-13811
-16335
-18735
-20995
-23096
-25024
-26763
-28301
-29626
-30728
-31598
-32231
-32621
-32766
-32663
-32315
-31724
-30894
-29832
-28544
-27042
-25337
-23441
-21368
-19134
-16757
-14253
-11642
-8943
-6177
-3365
-527
2314
5138
7924
10650
13296
15841
18268
20557
22691
24655
26433
28012
29380
30527
31444
32124
32563
32756
32703
32404
31861
31078
30061
28818
27358
25692
23833
21794
19591
17241
14761
12169
9487
6732
3928
1093
-1749
-4578
-7373
-10113
-12776
-15344
-17795
-20113
-22280
-24278
-26094
-27714
-29125
-30316
-31280
-32008
-32495
-32738
-32734
-32483
-31989
-31253
-30282
-29083
-27666
-26040
-24218
-22213
-20042
-17720
-15264
-12693
-10027
-7285
-4489
-1659
1183
4017
6821
9573
12253
14841
17317
19663
21861
23894
25748
27408
28861
30097
31107
31882
32417
32709
32754
32553
32106
31418
30494
29340
27965
26379
24595
22626
20487
18193
15763
13213
10565
7836
5049
2224
-617
-3454
-6266
-9030
-11726
-14334
-16834
-19207
-21436
-23503
-25394
-27093
-28589
-29869
-30924
-31747
-32330
-32670
-32765
-32612
-32215
-31574
-30696
-29587
-28256
-26711
-24966
-23032
-20926
-18661
-16257
-13729
-11099
-8385
-5608
-2788
51
2891
5709
8484
11196
13823
16346
18746
21005
23105
25032
26771
28308
29632
30732
31602
32233
32622
32766
32662
32313
31721
30890
29826
28538
27035
25329
23432
21358
19124
16746
14241
11630
8931
6165
3352
514
-2327
-5151
-7936
-10662
-13307
-15853
-18279
-20567
-22701
-24663
-26440
-28018
-29385
-30531
-31447
-32127
-32564
-32757
-32703
-32402
-31858
-31074
-30056
-28812
-27351
-25684
-23824
-21784
-19581
-17230
-14749
-12157
-9474
-6720
-3915
-1080
1762
4591
7386
10125
12788
15355
17806
20123
22289
24287
26102
27721
29131
30321
31284
32011
32497
32738
32733
32482
31986
31249
30277
29077
27659
26032
24209
22204
20032
17709
15252
12681
10015
7273
4476
1646
-1196
-4030
-6833
-9585
-12265
-14852
-17328
-19673
-21871
-23903
-25756
-27415
-28867
-30102
-31111
-31885
-32419
-32710
-32754
-32551
-32104
-31415
-30489
-29334
-27958
-26372
-24587
-22617
-20477
-18182
-15751
-13202
-10552
-7824
-5036
-2211
630
3467
6278
9042
11738
14346
16845
19218
21446
23512
25402
27100
28595
29874
30928
31750
32332
32671
32765
32611
32212
31571
30692
29582
28249
26704
24957
23023
20916
18651
16245
13718
11087
8372
5595
2776
-64
-2904
-5722
-8497
-11208
-13834
-16357
-18756
-21015
-23115
-25041
-26778
-28314
-29637
-30737
-31605
-32236
-32623
-32766
-32661
-32311
-31718
-30886
-29821
-28532
-27028
-25321
-23423
-21348
-19113
-16735
-14230
-11618
-8919
-6152
-3339
-501
2339
5164
7949
10674
13319
15864
18289
20577
22710
24672
26448
28025
29391
30536
31451
32129
32566
32757
32702
32400
31855
31070
30051
28806
27344
25676
23815
21775
19570
17219
14738
12146
9462
6707
3902
1067
-1774
-4604
-7398
-10137
-12800
-15366
-17817
-20133
-22298
-24296
-26110
-27727
-29136
-30326
-31288
-32013
-32498
-32739
-32733
-32480
-31983
-31245
-30272
-29071
-27652
-26024
-24200
-22194
-20022
-17698
-15241
-12670
-10003
-7260
-4463
-1633
1209
4042
6846
9597
12277
14864
17339
19684
21880
23912
25764
27422
28873
30107
31115
31888
32421
32710
32753
32550
32101
31411
30484
29328
27951
26364
24578
22608
20467
18172
15740
13190
10540
7811
5024
2198
-643
-3480
-6291
-9055
-11750
-14357
-16856
-19228
-21456
-23521
-25410
-27108
-28601
-29879
-30933
-31753
-32334
-32672
-32765
-32610
-32210
-31568
-30687
-29576
-28243
-26696
-24949
-23014
-20906
-18640
-16234
-13706
-11075
-8360
-5582
-2763
77
2917
5734
8509
11220
13846
16368
18767
21024
23124
25049
26786
28321
29642
30741
31609
32238
32625
32766
32660
32309
31715
30881
29816
28525
27021
25312
23414
21339
19103
16724
14218
11606
8906
6139
3326
488
-2352
-5176
-7961
-10686
-13331
-15875
-18300
-20587
-22719
-24680
-26456
-28032
-29397
-30541
-31455
-32132
-32567
-32757
-32701
-32399
-31852
-31066
-30046
-28800
-27337
-25668
-23806
-21765
-19560
-17208
-14726
-12134
-9450
-6695
-3889
-1054
1787
4616
7411
10150
12812
15378
17828
20144
22308
24304
26118
27734
29142
30331
31291
32016
32500
32739
32732
32478
31980
31241
30267
29066
27645
26016
24192
22185
20011
17687
15230
12658
9990
7248
4451
1620
-1222
-4055
-6858
-9610
-12289
-14875
-17350
-19694
-21890
-23921
-25772
-27429
-28879
-30112
-31119
-31891
-32423
-32711
-32753
-32548
-32099
-31407
-30480
-29323
-27945
-26356
-24570
-22598
-20457
-18161
-15729
-13178
-10528
-7799
-5011
-2185
656
3493
6304
9067
11762
14369
16867
19239
21465
23530
25418
27115
28607
29885
30937
31756
32336
32673
32764
32609
32208
31564
30683
29571
28236
26689
24941
23005
20896
18630
16223
13694
11063
8348
5570
2750
-90
-2929
-5747
-8522
-11232
-13858
-16379
-18777
-21034
-23133
-25057
-26793
-28327
-29648
-30746
-31612
-32240
-32626
-32766
-32659
-32307
-31711
-30877
-29810
-28519
-27013
-25304
-23405
-21329
-19093
-16712
-14207
-11594
-8894
-6127
-3314
-476
2365
5189
7974
10698
13343
15887
18311
20597
22728
24689
26463
28038
29402
30545
31458
32134
32569
32758
32700
32397
31849
31062
30041
28794
27330
25660
23797
21755
19550
17197
14715
12122
9437
6682
3876
1042
-1800
-4629
-7423
-10162
-12824
-15389
-17838
-20154
-22317
-24313
-26125
-27741
-29148
-30336
-31295
-32019
-32502
-32740
-32731
-32477
-31977
-31237
-30262
-29060
-27638
-26008
-24183
-22176
-20001
-17676
-15218
-12646
-9978
-7235
-4438
-1607
1234
4068
6871
9622
12301
14887
17361
19704
21899
23930
25780
27436
28885
30117
31123
31894
32425
32712
32753
32547
32096
31404
30475
29317
27938
26349
24561
22589
20447
18150
15717
13166
10516
7786
4998
2173
-669
-3506
-6316
-9079
-11774
-14380
-16878
-19249
-21475
-23539
-25426
-27122
-28614
-29890
-30941
-31759
-32339
-32674
-32764
-32607
-32205
-31561
-30678
-29565
-28230
-26681
-24932
-22996
-20886
-18619
-16212
-13683
-11050
-8335
-5557
-2737
102
2942
5760
8534
11244
13869
16390
18788
21044
23142
25066
26800
28334
29653
30750
31615
32243
32627
32766
32658
32305
31708
30873
29805
28513
27006
25296
23396
21319
19082
16701
14195
11582
8881
6114
3301
463
-2378
-5202
-7986
-10711
-13354
-15898
-18321
-20607
-22738
-24697
-26471
-28045
-29408
-30550
-31462
-32137
-32570
-32758
-32699
-32395
-31846
-31058
-30036
-28788
-27323
-25652
-23788
-21746
-19539
-17186
-14703
-12110
-9425
-6669
-3864
-1029
1813
4642
7436
10174
12835
15400
17849
20164
22327
24321
26133
27748
29154
30341
31299
32022
32503
32740
32731
32475
31975
31234
30257
29054
27631
26001
24174
22166
19991
17665
15207
12634
9966
7223
4425
1594
-1247
-4081
-6883
-9634
-12313
-14898
-17372
-19715
-21909
-23938
-25788
-27443
-28891
-30122
-31127
-31897
-32427
-32713
-32752
-32545
-32093
-31400
-30470
-29311
-27931
-26341
-24553
-22580
-20437
-18140
-15706
-13154
-10504
-7774
-4986
-2160
681
3518
6329
9092
11786
14392
16889
19259
21485
23548
25435
27129
28620
29895
30945
31763
32341
32675
32764
32606
32203
31557
30674
29560
28223
26674
24924
22987
20876
18608
16201
13671
11038
8323
5544
2724
-115
-2955
-5772
-8546
-11256
-13881
-16402
-18799
-21054
-23151
-25074
-26808
-28340
-29659
-30755
-31619
-32245
-32628
-32766
-32657
-32303
-31705
-30868
-29800
-28506
-26999
-25288
-23387
-21309
-19072
-16690
-14183
-11570
-8869
-6102
-3288
-450
2391
5214
7999
10723
13366
15909
18332
20617
22747
24706
26478
28052
29414
30555
31465
32139
32571
32758
32699
32393
31843
31054
30031
28781
27316
25644
23780
21736
19529
17175
14692
12098
9413
6657
3851
1016
-1826
-4655
-7448
-10186
-12847
-15412
-17860
-20174
-22336
-24330
-26141
-27755
-29160
-30346
-31303
-32024
-32505
-32741
-32730
-32473
-31972
-31230
-30253
-29048
-27624
-25993
-24166
-22157
-19981
-17655
-15196
-12622
-9954
-7210
-4412
-1582
1260
4094
6896
9647
12325
14910
17383
19725
21919
23947
25796
27450
28897
30127
31131
31900
32429
32713
32752
32544
32091
31396
30465
29305
27925
26334
24544
22570
20427
18129
15695
13143
10491
7761
4973
2147
-694
-3531
-6342
-9104
-11798
-14403
-16900
-19270
-21494
-23557
-25443
-27137
-28626
-29900
-30950
-31766
-32343
-32676
-32764
-32605
-32200
-31554
-30669
-29554
-28217
-26666
-24916
-22977
-20866
-18598
-16189
-13659
-11026
-8310
-5532
-2711
128
2968
5785
8559
11268
13893
16413
18809
21064
23160
25082
26815
28346
29664
30759
31622
32247
32629
32766
32656
32300
31702
30864
29794
28500
26991
25280
23378
21300
19061
16679
14172
11558
8857
6089
3275
437
-2404
-5227
-8011
-10735
-13378
-15920
-18343
-20627
-22756
-24714
-26486
-28058
-29420
-30559
-31469
-32142
-32573
-32759
-32698
-32391
-31840
-31050
-30025
-28775
-27308
-25636
-23771
-21727
-19519
-17164
-14680
-12086
-9400
-6644
-3838
-1003
1839
4667
7461
10198
12859
15423
17871
20184
22345
24339
26149
27762
29166
30350
31307
32027
32507
32741
32730
32471
31969
31226
30248
29042
27617
25985
24157
22147
19971
17644
15184
12610
9941
7198
4400
1569
-1273
-4106
-6909
-9659
-12337
-14921
-17394
-19735
-21928
-23956
-25804
-27457
-28903
-30133
-31135
-31903
-32430
-32714
-32752
-32542
-32088
-31393
-30461
-29300
-27918
-26326
-24536
-22561
-20416
-18118
-15684
-13131
-10479
-7749
-4960
-2134
707
3544
6354
9116
11810
14415
16911
19280
21504
23566
25451
27144
28632
29906
30954
31769
32345
32677
32764
32604
32198
31550
30665
29549
28210
26659
24907
22968
20856
18587
16178
13648
11014
8298
5519
2699
-141
-2981
-5798
-8571
-11280
-13904
-16424
-18820
-21074
-23169
-25090
-26823
-28353
-29670
-30763
-31625
-32249
-32631
-32766
-32655
-32298
-31698
-30860
-29789
-28494
-26984
-25271
-23369
-21290
-19051
-16668
-14160
-11546
-8844
-6076
-3262
-424
2416
5240
8024
10747
13390
15932
18353
20637
22765
24723
26493
28065
29425
30564
31473
32144
32574
32759
32697
32389
31837
31045
30020
28769
27301
25628
23762
21717
19508
17153
14669
12074
9388
6632
3825
990
-1851
-4680
-7474
-10211
-12871
-15434
-17882
-20194
-22355
-24347
-26156
-27769
-29172
-30355
-31310
-32030
-32508
-32742
-32729
-32470
-31966
-31222
-30243
-29036
-27610
-25977
-24148
-22138
-19960
-17633
-15173
-12598
-9929
-7185
-4387
-1556
1286
4119
6921
9671
12348
14933
17405
19745
21938
23965
25811
27464
28910
30138
31139
31906
32432
32715
32751
32541
32086
31389
30456
29294
27911
26318
24527
22552
20406
18107
15672
13119
10467
7736
4947
2121
-720
-3557
-6367
-9129
-11822
-14427
-16922
-19291
-21514
-23575
-25459
-27151
-28639
-29911
-30958
-31772
-32347
-32678
-32764
-32602
-32196
-31547
-30660
-29543
-28203
-26652
-24899
-22959
-20846
-18577
-16167
-13636
-11002
-8285
-5506
-2686
154
2993
5810
8584
11292
13916
16435
18830
21084
23178
25099
26830
28359
29675
30768
31629
32252
32632
32766
32654
32296
31695
30855
29784
28487
26977
25263
23360
21280
19040
16657
14149
11534
8832
6064
3250
411
-2429
-5252
-8036
-10759
-13401
-15943
-18364
-20647
-22775
-24731
-26501
-28072
-29431
-30569
-31476
-32147
-32576
-32759
-32696
-32387
-31834
-31041
-30015
-28763
-27294
-25620
-23753
-21707
-19498
-17142
-14657
-12062
-9376
-6619
-3813
-977
1864
4693
7486
10223
12883
15446
17892
20204
22364
24356
26164
27775
29178
30360
31314
32033
32510
32742
32728
32468
31963
31218
30238
29030
27603
25969
24140
22128
19950
17622
15161
12586
9917
7173
4374
1543
-1299
-4132
-6934
-9684
-12360
-14944
-17415
-19756
-21947
-23974
-25819
-27471
-28916
-30143
-31143
-31909
-32434
-32716
-32751
-32539
-32083
-31385
-30451
-29288
-27904
-26311
-24519
-22542
-20396
-18097
-15661
-13107
-10455
-7724
-4935
-2108
733
3570
6379
9141
11834
14438
16933
19301
21524
23584
25467
27158
28645
29916
30962
31775
32349
32679
32763
32601
32193
31543
30656
29537
28197
26644
24891
22950
20836
18566
16156
13624
10990
8273
5494
2673
-167
-3006
-5823
-8596
-11304
-13928
-16446
-18841
-21093
-23187
-25107
-26837
-28366
-29681
-30772
-31632
-32254
-32633
-32766
-32653
-32294
-31692
-30851
-29778
-28481
-26970
-25255
-23351
-21270
-19030
-16646
-14137
-11522
-8819
-6051
-3237
-398
2442
5265
8049
10771
13413
15954
18375
20657
22784
24739
26509
28078
29436
30573
31480
32149
32577
32759
32695
32385
31831
31037
30010
28757
27287
25612
23744
21698
19488
17131
14646
12050
9363
6606
3800
964
-1877
-4706
-7499
-10235
-12895
-15457
-17903
-20215
-22374
-24364
-26172
-27782
-29183
-30365
-31318
-32035
-32511
-32743
-32728
-32466
-31960
-31214
-30233
-29024
-27596
-25961
-24131
-22119
-19940
-17611
-15150
-12575
-9905
-7160
-4361
-1530
1312
4145
6946
9696
12372
14956
17426
19766
21957
23982
25827
27478
28922
30148
31147
31912
32436
32716
32750
32538
32080
31382
30447
29282
27898
26303
24510
22533
20386
18086
15650
13095
10443
7711
4922
2095
-746
-3582
-6392
-9154
-11846
-14450
-16944
-19311
-21533
-23593
-25475
-27165
-28651
-29921
-30966
-31778
-32351
-32680
-32763
-32600
-32191
-31540
-30651
-29532
-28190
-26637
-24882
-22941
-20826
-18555
-16145
-13612
-10978
-8260
-5481
-2660
180
3019
5836
8609
11317
13939
16457
18851
21103
23197
25115
26845
28372
29686
30777
31636
32256
32634
32766
32652
32292
31689
30847
29773
28475
26962
25247
23341
21260
19019
16635
14125
11510
8807
6038
3224
386
-2455
-5278
-8061
-10784
-13425
-15965
-18385
-20667
-22793
-24748
-26516
-28085
-29442
-30578
-31483
-32152
-32578
-32760
-32694
-32383
-31828
-31033
-30005
-28751
-27280
-25604
-23735
-21688
-19477
-17120
-14634
-12038
-9351
-6594
-3787
-952
1890
4718
7511
10247
12906
15468
17914
20225
22383
24373
26180
27789
29189
30370
31322
32038
32513
32743
32727
32464
31958
31210
30228
29018
27589
25953
24122
22109
19930
17600
15138
12563
9892
7147
4349
1517
-1324
-4157
-6959
-9708
-12384
-14967
-17437
-19776
-21966
-23991
-25835
-27485
-28928
-30153
-31151
-31914
-32438
-32717
-32750
-32536
-32078
-31378
-30442
-29276
-27891
-26295
-24502
-22524
-20376
-18075
-15638
-13084
-10431
-7699
-4909
-2083
759
3595
6405
9166
11858
14461
16955
19322
21543
23602
25483
27173
28657
29927
30971
31781
32353
32681
32763
32598
32189
31536
30647
29526
28184
26629
24874
22931
20816
18545
16133
13601
10966
8248
5468
2647
-193
-3032
-5848
-8621
-11329
-13951
-16468
-18862
-21113
-23206
-25123
-26852
-28379
-29692
-30781
-31639
-32258
-32635
-32766
-32651
-32290
-31685
-30842
-29767
-28468
-26955
-25239
-23332
-21251
-19009
-16624
-14114
-11498
-8795
-6026
-3211
-373
2468
5291
8074
10796
13437
15976
18396
20677
22802
24756
26524
28091
29448
30582
31487
32154
32580
32760
32694
32381
31825
31029
30000
28744
27273
25596
23726
21678
19467
17109
14623
12026
9339
6581
3774
939
-1903
-4731
-7524
-10260
-12918
-15480
-17925
-20235
-22393
-24382
-26187
-27796
-29195
-30375
-31326
-32041
-32515
-32744
-32726
-32463
-31955
-31206
-30223
-29012
-27583
-25946
-24113
-22100
-19920
-17590
-15127
-12551
-9880
-7135
-4336
-1504
1337
4170
6971
9720
12396
14978
17448
19786
21976
24000
25843
27492
28934
30158
31155
31917
32440
32718
32750
32535
32075
31374
30437
29271
27884
26288
24493
22514
20366
18065
15627
13072
10418
7686
4896
2070
-771
-3608
-6417
-9178
-11870
-14473
-16966
-19332
-21553
-23611
-25491
-27180
-28664
-29932
-30975
-31785
-32355
-32682
-32763
-32597
-32186
-31533
-30642
-29521
-28177
-26622
-24866
-22922
-20807
-18534
-16122
-13589
-10954
-8236
-5456
-2635
205
3045
5861
8633
11341
13963
16479
18872
21123
23215
25132
26860
28385
29697
30786
31642
32261
32636
32766
32650
32287
31682
30838
29762
28462
26948
25230
23323
21241
18998
16613
14102
11485
8782
6013
3198
360
-2481
-5303
-8086
-10808
-13448
-15988
-18407
-20687
-22812
-24765
-26531
-28098
-29453
-30587
-31490
-32157
-32581
-32760
-32693
-32379
-31822
-31025
-29994
-28738
-27266
-25588
-23718
-21669
-19457
-17098
-14611
-12014
-9326
-6569
-3761
-926
1916
4744
7536
10272
12930
15491
17936
20245
22402
24390
26195
27803
29201
30379
31329
32043
32516
32744
32726
32461
31952
31202
30218
29006
27576
25938
24105
22090
19909
17579
15116
12539
9868
7122
4323
1492
-1350
-4183
-6984
-9733
-12408
-14990
-17459
-19797
-21985
-24009
-25851
-27499
-28940
-30163
-31159
-31920
-32441
-32718
-32749
-32533
-32073
-31370
-30432
-29265
-27877
-26280
-24485
-22505
-20356
-18054
-15616
-13060
-10406
-7674
-4884
-2057
784
3621
6430
9191
11882
14484
16977
19343
21562
23620
25499
27187
28670
29937
30979
31788
32357
32683
32763
32596
32184
31529
30638
29515
28171
26614
24857
22913
20797
18524
16111
13577
10941
8223
5443
2622
-218
-3058
-5874
-8646
-11353
-13974
-16491
-18883
-21133
-23224
-25140
-26867
-28392
-29703
-30790
-31646
-32263
-32638
-32766
-32649
-32285
-31679
-30834
-29757
-28456
-26940
-25222
-23314
-21231
-18988
-16602
-14091
-11473
-8770
-6000
-3186
-347
2493
5316
8098
10820
13460
15999
18417
20697
22821
24773
26539
28105
29459
30592
31494
32159
32582
32760
32692
32377
31819
31021
29989
28732
27259
25580
23709
21659
19446
17087
14600
12002
9314
6556
3749
913
-1929
-4756
-7549
-10284
-12942
-15502
-17946
-20255
-22411
-24399
-26203
-27809
-29207
-30384
-31333
-32046
-32518
-32745
-32725
-32459
-31949
-31198
-30213
-29000
-27569
-25930
-24096
-22081
-19899
-17568
-15104
-12527
-9855
-7110
-4310
-1479
1363
4196
6997
9745
12420
15001
17470
19807
21995
24017
25859
27506
28946
30168
