          0
          0
          5
         23
         51
         90
        140
        200
        269
        346
        431
        523
        620
        721
        825
        931
       1038
       1144
       1247
       1348
       1443
       1532
       1614
       1687
       1750
       1802
       1842
       1869
       1882
       1880
       1863
       1830
       1780
       1714
       1632
       1532
       1416
       1284
       1135
        972
        794
        602
        397
        181
        -46
       -281
       -525
       -774
      -1028
      -1285
      -1543
      -1801
      -2055
      -2306
      -2551
      -2787
      -3014
      -3229
      -3431
      -3618
      -3789
      -3941
      -4074
      -4187
      -4277
      -4345
      -4389
      -4408
      -4402
      -4371
      -4314
      -4231
      -4122
      -3988
      -3829
      -3645
      -3438
      -3208
      -2956
      -2684
      -2393
      -2085
      -1760
      -1422
      -1072
       -712
       -345
         29
        406
        785
       1162
       1536
       1904
       2264
       2615
       2952
       3276
       3583
       3871
       4139
       4385
       4608
       4805
       4977
       5120
       5236
       5322
       5379
       5405
       5402
       5367
       5303
       5208
       5085
       4933
       4753
       4547
       4315
       4060
       3782
       3484
       3167
       2834
       2485
       2124
       1753
       1374
        989
        600
        211
       -177
       -561
       -940
      -1310
      -1670
      -2017
      -2350
      -2666
      -2964
      -3242
      -3499
      -3733
      -3943
      -4129
      -4288
      -4420
      -4526
      -4604
      -4654
      -4677
      -4672
      -4641
      -4583
      -4499
      -4391
      -4259
      -4104
      -3928
      -3733
      -3519
      -3289
      -3044
      -2786
      -2518
      -2240
      -1955
      -1665
      -1373
      -1079
       -786
       -496
       -211
         67
        337
        597
        845
       1081
       1302
       1507
       1696
       1867
       2020
       2154
       2268
       2363
       2438
       2493
       2528
       2544
       2541
       2520
       2480
       2424
       2353
       2266
       2166
       2053
       1929
       1796
       1655
       1507
       1354
       1197
       1038
        879
        722
        566
        415
        269
        129
         -2
       -125
       -237
       -339
       -428
       -506
       -570
       -621
       -658
       -681
       -690
       -685
       -667
       -636
       -591
       -535
       -467
       -389
       -301
       -205
       -101
          8
        123
        241
        361
        482
        603
        721
        836
        946
       1049
       1145
       1232
       1310
       1376
       1429
       1470
       1497
       1509
       1506
       1488
       1453
       1402
       1335
       1252
       1154
       1039
        910
        766
        609
        440
        259
         68
       -133
       -341
       -556
       -775
       -997
      -1221
      -1445
      -1666
      -1884
      -2097
      -2303
      -2499
      -2685
      -2859
      -3020
      -3165
      -3294
      -3405
      -3496
      -3568
      -3619
      -3648
      -3655
      -3639
      -3600
      -3537
      -3451
      -3341
      -3209
      -3054
      -2878
      -2681
      -2464
      -2228
      -1974
      -1705
      -1421
      -1124
       -816
       -498
       -174
        157
        490
        825
       1158
       1489
       1814
       2132
       2441
       2738
       3022
       3290
       3541
       3773
       3985
       4175
       4341
       4483
       4600
       4690
       4753
       4788
       4796
       4775
       4726
       4649
       4545
       4413
       4256
       4073
       3866
       3635
       3383
       3112
       2821
       2514
       2193
       1859
       1514
       1161
        801
        438
         73
       -292
       -654
      -1011
      -1360
      -1700
      -2029
      -2344
      -2644
      -2926
      -3190
      -3433
      -3654
      -3853
      -4026
      -4175
      -4298
      -4394
      -4464
      -4506
      -4521
      -4509
      -4471
      -4406
      -4315
      -4200
      -4061
      -3899
      -3716
      -3513
      -3291
      -3053
      -2800
      -2534
      -2256
      -1970
      -1676
      -1376
      -1074
       -770
       -468
       -168
        127
        415
        694
        963
       1220
       1463
       1691
       1903
       2097
       2273
       2429
       2565
       2680
       2774
       2846
       2897
       2927
       2935
       2922
       2889
       2836
       2765
       2675
       2569
       2447
       2311
       2162
       2001
       1830
       1652
       1466
       1275
       1081
        886
        690
        496
        305
        119
        -61
       -233
       -396
       -549
       -690
       -819
       -934
      -1035
      -1121
      -1192
      -1247
      -1286
      -1309
      -1316
      -1307
      -1282
      -1243
      -1189
      -1121
      -1041
       -948
       -845
       -732
       -611
       -482
       -348
       -209
        -68
         75
        218
        359
        497
        630
        758
        878
        989
       1090
       1180
       1258
       1323
       1374
       1410
       1431
       1436
       1425
       1398
       1354
       1294
       1219
       1127
       1020
        899
        764
        617
        457
        287
        108
        -79
       -273
       -472
       -675
       -880
      -1084
      -1288
      -1488
      -1683
      -1872
      -2053
      -2224
      -2384
      -2531
      -2664
      -2781
      -2882
      -2964
      -3029
      -3073
      -3097
      -3100
      -3082
      -3043
      -2982
      -2899
      -2794
      -2669
      -2523
      -2358
      -2174
      -1971
      -1752
      -1518
      -1269
      -1008
       -736
       -454
       -165
        129
        428
        728
       1027
       1324
       1617
       1903
       2181
       2449
       2704
       2946
       3171
       3380
       3569
       3738
       3885
       4010
       4111
       4187
       4238
       4263
       4262
       4235
       4182
       4103
       3998
       3867
       3713
       3535
       3334
       3113
       2871
       2611
       2334
       2042
       1737
       1421
       1095
        762
        424
         84
       -258
       -598
       -935
      -1265
      -1588
      -1901
      -2202
      -2489
      -2760
      -3014
      -3249
      -3463
      -3656
      -3826
      -3971
      -4092
      -4187
      -4257
      -4299
      -4316
      -4306
      -4269
      -4207
      -4119
      -4007
      -3871
      -3712
      -3532
      -3332
      -3113
      -2876
      -2625
      -2360
      -2083
      -1796
      -1501
      -1200
       -896
       -590
       -284
         19
        318
        611
        895
       1169
       1431
       1680
       1913
       2130
       2329
       2510
       2670
       2810
       2928
       3024
       3098
       3150
       3178
       3185
       3169
       3131
       3072
       2993
       2895
       2778
       2643
       2493
       2328
       2150
       1961
       1761
       1554
       1340
       1121
        899
        676
        453
        233
         17
       -193
       -397
       -591
       -775
       -948
      -1108
      -1254
      -1386
      -1501
      -1600
      -1682
      -1747
      -1794
      -1823
      -1834
      -1828
      -1804
      -1764
      -1707
      -1634
      -1547
      -1446
      -1332
      -1207
      -1071
       -927
       -775
       -617
       -455
       -290
       -123
         43
        207
        368
        524
        673
        814
        946
       1068
       1178
       1275
       1358
       1427
       1481
       1518
       1539
       1544
       1531
       1502
       1455
       1393
       1314
       1219
       1110
        986
        850
        701
        541
        371
        193
          8
       -182
       -376
       -572
       -769
       -965
      -1158
      -1346
      -1529
      -1703
      -1869
      -2023
      -2166
      -2294
      -2408
      -2506
      -2586
      -2649
      -2693
      -2717
      -2722
      -2706
      -2669
      -2612
      -2535
      -2438
      -2320
      -2184
      -2029
      -1857
      -1668
      -1464
      -1246
      -1015
       -773
       -521
       -261
          5
        275
        548
        821
       1093
       1362
       1625
       1881
       2128
       2364
       2588
       2797
       2991
       3167
       3324
       3462
       3578
       3672
       3743
       3791
       3814
       3813
       3787
       3737
       3662
       3563
       3440
       3295
       3127
       2938
       2729
       2502
       2257
       1996
       1721
       1434
       1137
        830
        518
        201
       -119
       -439
       -756
      -1070
      -1378
      -1678
      -1968
      -2245
      -2509
      -2758
      -2989
      -3201
      -3393
      -3564
      -3712
      -3837
      -3937
      -4013
      -4063
      -4088
      -4087
      -4060
      -4008
      -3930
      -3829
      -3703
      -3555
      -3386
      -3195
      -2986
      -2759
      -2516
      -2259
      -1989
      -1708
      -1419
      -1123
       -822
       -519
       -215
         88
        387
        680
        966
       1243
       1508
       1761
       1999
       2221
       2426
       2612
       2778
       2924
       3048
       3150
       3229
       3285
       3318
       3328
       3315
       3279
       3221
       3142
       3042
       2922
       2784
       2628
       2457
       2271
       2071
       1861
       1640
       1412
       1177
        939
        697
        455
        214
        -24
       -257
       -483
       -702
       -911
      -1108
      -1293
      -1464
      -1620
      -1760
      -1883
      -1988
      -2075
      -2143
      -2192
      -2222
      -2232
      -2224
      -2196
      -2151
      -2087
      -2007
      -1910
      -1798
      -1673
      -1534
      -1384
      -1224
      -1055
       -879
       -698
       -513
       -325
       -137
         50
        234
        414
        587
        754
        911
       1059
       1194
       1317
       1426
       1520
       1599
       1661
       1707
       1735
       1746
       1739
       1714
       1672
       1612
       1536
       1443
       1336
       1213
       1078
        930
        770
        601
        423
        238
         48
       -146
       -342
       -539
       -735
       -928
      -1116
      -1299
      -1473
      -1639
      -1793
      -1936
      -2065
      -2179
      -2278
      -2359
      -2423
      -2468
      -2494
      -2501
      -2488
      -2455
      -2402
      -2330
      -2238
      -2127
      -1998
      -1851
      -1687
      -1508
      -1314
      -1107
       -889
       -660
       -423
       -178
         71
        324
        578
        832
       1083
       1331
       1573
       1807
       2031
       2245
       2445
       2631
       2801
       2953
       3087
       3201
       3295
       3366
       3416
       3443
       3447
       3427
       3384
       3318
       3229
       3117
       2983
       2828
       2653
       2459
       2247
       2018
       1774
       1517
       1248
        968
        681
        388
         90
       -210
       -510
       -809
      -1103
      -1392
      -1673
      -1944
      -2203
      -2449
      -2680
      -2894
      -3089
      -3265
      -3421
      -3554
      -3665
      -3752
      -3815
      -3854
      -3867
      -3856
      -3819
      -3758
      -3673
      -3564
      -3433
      -3279
      -3105
      -2911
      -2699
      -2470
      -2225
      -1968
      -1698
      -1419
      -1131
       -838
       -541
       -242
         56
        353
        645
        931
       1209
       1477
       1733
       1976
       2203
       2414
       2607
       2781
       2934
       3067
       3177
       3265
       3330
       3372
       3390
       3384
       3356
       3305
       3231
       3136
       3020
       2885
       2731
       2560
       2372
       2171
       1957
       1731
       1496
       1254
       1005
        753
        499
        245
         -8
       -256
       -500
       -736
       -964
      -1181
      -1386
      -1577
      -1754
      -1915
      -2059
      -2185
      -2293
      -2381
      -2449
      -2497
      -2525
      -2533
      -2520
      -2488
      -2436
      -2366
      -2277
      -2171
      -2050
      -1913
      -1762
      -1600
      -1426
      -1242
      -1051
       -854
       -652
       -447
       -241
        -35
        168
        367
        560
        747
        924
       1091
       1247
       1390
       1519
       1632
       1730
       1811
       1875
       1920
       1948
       1957
       1948
       1920
       1874
       1810
       1730
       1632
       1520
       1392
       1251
       1097
        932
        757
        574
        385
        190
         -9
       -209
       -410
       -609
       -805
       -997
      -1181
      -1358
      -1525
      -1680
      -1824
      -1953
      -2068
      -2166
      -2248
      -2311
      -2357
      -2383
      -2390
      -2377
      -2345
      -2293
      -2221
      -2131
      -2022
      -1895
      -1752
      -1592
      -1418
      -1230
      -1030
       -819
       -598
       -370
       -136
        103
        344
        586
        827
       1065
       1298
       1524
       1742
       1950
       2146
       2329
       2497
       2650
       2784
       2901
       2997
       3074
       3129
       3162
       3174
       3163
       3129
       3073
       2995
       2895
       2774
       2633
       2471
       2292
       2094
       1881
       1652
       1411
       1157
        894
        623
        345
         64
       -221
       -505
       -788
      -1068
      -1342
      -1608
      -1865
      -2111
      -2343
      -2562
      -2764
      -2948
      -3113
      -3259
      -3383
      -3484
      -3563
      -3619
      -3651
      -3658
      -3641
      -3600
      -3536
      -3447
      -3336
      -3203
      -3049
      -2874
      -2680
      -2469
      -2242
      -2000
      -1746
      -1480
      -1205
       -923
       -635
       -344
        -51
        241
        530
        815
       1093
       1362
       1621
       1868
       2101
       2319
       2520
       2703
       2867
       3010
       3132
       3231
       3308
       3362
       3392
       3399
       3383
       3343
       3281
       3196
       3090
       2963
       2817
       2652
       2470
       2272
       2061
       1836
       1601
       1356
       1104
        847
        586
        324
         62
       -198
       -454
       -704
       -946
      -1178
      -1400
      -1609
      -1804
      -1983
      -2146
      -2291
      -2418
      -2525
      -2612
      -2678
      -2724
      -2748
      -2752
      -2734
      -2695
      -2637
      -2559
      -2462
      -2348
      -2216
      -2069
      -1907
      -1733
      -1546
      -1350
      -1145
       -934
       -718
       -498
       -277
        -56
        163
        378
        587
        790
        983
       1167
       1338
       1497
       1641
       1770
       1883
       1978
       2056
       2115
       2155
       2176
       2178
       2160
       2124
       2068
       1995
       1904
       1797
       1674
       1536
       1384
       1220
       1045
        861
        668
        469
        266
         59
       -149
       -357
       -562
       -764
       -960
      -1149
      -1329
      -1499
      -1657
      -1803
      -1933
      -2049
      -2147
      -2229
      -2292
      -2336
      -2362
      -2368
      -2354
      -2321
      -2268
      -2196
      -2105
      -1996
      -1869
      -1726
      -1568
      -1395
      -1210
      -1012
       -805
       -588
       -365
       -136
         96
        330
        564
        796
       1024
       1248
       1464
       1671
       1867
       2052
       2223
       2379
       2518
       2640
       2744
       2828
       2891
       2934
       2956
       2956
       2934
       2890
       2825
       2738
       2631
       2504
       2357
       2192
       2010
       1812
       1599
       1372
       1134
        887
        630
        368
        101
       -169
       -440
       -710
       -976
      -1238
      -1492
      -1738
      -1974
      -2197
      -2406
      -2600
      -2777
      -2935
      -3075
      -3193
      -3291
      -3366
      -3419
      -3449
      -3455
      -3438
      -3397
      -3333
      -3247
      -3138
      -3008
      -2857
      -2686
      -2498
      -2292
      -2070
      -1834
      -1586
      -1327
      -1059
       -784
       -504
       -221
         63
        347
        627
        903
       1173
       1433
       1684
       1922
       2146
       2355
       2547
       2721
       2876
       3011
       3124
       3215
       3284
       3330
       3352
       3351
       3327
       3279
       3210
       3118
       3005
       2871
       2718
       2547
       2359
       2156
       1938
       1708
       1468
       1218
        962
        700
        436
        170
        -96
       -359
       -617
       -869
      -1113
      -1347
      -1570
      -1779
      -1974
      -2153
      -2315
      -2459
      -2584
      -2689
      -2773
      -2836
      -2878
      -2898
      -2897
      -2874
      -2830
      -2765
      -2680
      -2576
      -2453
      -2313
      -2157
      -1987
      -1802
      -1606
      -1399
      -1184
       -961
       -733
       -502
       -269
        -36
        194
        421
        643
        857
       1062
       1257
       1441
       1610
       1766
       1905
       2028
       2134
       2220
       2288
       2337
       2365
       2374
       2363
       2332
       2282
       2213
       2125
       2020
       1898
       1760
       1608
       1443
       1265
       1078
        881
        677
        468
        255
         39
       -176
       -391
       -602
       -808
      -1008
      -1200
      -1383
      -1554
      -1712
      -1857
      -1986
      -2100
      -2196
      -2274
      -2334
      -2375
      -2396
      -2397
      -2379
      -2340
      -2283
      -2206
      -2110
      -1997
      -1867
      -1720
      -1559
      -1383
      -1196
       -997
       -789
       -572
       -350
       -123
        106
        337
        567
        794
       1017
       1233
       1442
       1641
       1829
       2004
       2165
       2310
       2439
       2551
       2643
       2716
       2769
       2801
       2812
       2802
       2770
       2717
       2644
       2549
       2435
       2302
       2151
       1982
       1797
       1597
       1384
       1159
        924
        681
        430
        174
        -84
       -344
       -604
       -861
      -1113
      -1359
      -1598
      -1826
      -2042
      -2246
      -2435
      -2607
      -2762
      -2899
      -3016
      -3112
      -3187
      -3239
      -3270
      -3277
      -3262
      -3223
      -3163
      -3079
      -2975
      -2849
      -2703
      -2538
      -2354
      -2155
      -1939
      -1710
      -1469
      -1217
       -956
       -689
       -416
       -141
        136
        412
        685
        953
       1215
       1468
       1711
       1942
       2159
       2361
       2547
       2714
       2862
       2991
       3098
       3183
       3246
       3286
       3303
       3297
       3267
       3215
       3141
       3044
       2927
       2789
       2632
       2457
       2266
       2059
       1838
       1606
       1362
       1110
        852
        588
        321
         54
       -213
       -477
       -737
       -990
      -1234
      -1469
      -1692
      -1901
      -2096
      -2274
      -2435
      -2578
      -2701
      -2804
      -2886
      -2947
      -2985
      -3002
      -2997
      -2970
      -2922
      -2852
      -2762
      -2653
      -2525
      -2379
      -2216
      -2038
      -1847
      -1643
      -1429
      -1205
       -975
       -739
       -499
       -257
        -16
        224
        460
        691
        914
       1129
       1333
       1525
       1703
       1867
       2015
       2146
       2258
       2352
       2427
       2482
       2516
       2530
       2524
       2497
       2450
       2383
       2298
       2194
       2073
       1936
       1783
       1616
       1437
       1246
       1046
        838
        623
        404
        182
        -41
       -263
       -483
       -699
       -909
      -1111
      -1304
      -1486
      -1656
      -1813
      -1954
      -2080
      -2188
      -2279
      -2351
      -2404
      -2437
      -2450
      -2444
      -2417
      -2371
      -2305
      -2220
      -2116
      -1995
      -1858
      -1704
      -1537
      -1356
      -1164
       -961
       -749
       -531
       -307
        -80
        149
        378
        606
        829
       1048
       1259
       1462
       1654
       1834
       2001
       2153
       2289
       2408
       2509
       2591
       2653
       2695
       2716
       2717
       2696
       2655
       2593
       2510
       2408
       2286
       2146
       1989
       1815
       1626
       1424
       1210
        984
        750
        509
        262
         11
       -241
       -494
       -744
       -991
      -1232
      -1466
      -1691
      -1904
      -2105
      -2292
      -2464
      -2618
      -2755
      -2873
      -2970
      -3047
      -3102
      -3135
      -3147
      -3135
      -3102
      -3046
      -2968
      -2869
      -2749
      -2609
      -2451
      -2274
      -2081
      -1873
      -1651
      -1416
      -1171
       -918
       -657
       -391
       -122
        148
        418
        685
        947
       1203
       1451
       1689
       1915
       2127
       2325
       2506
       2670
       2815
       2940
       3044
       3126
       3187
       3225
       3240
       3232
       3202
       3148
       3073
       2976
       2858
       2720
       2563
       2388
       2196
       1990
       1769
       1537
       1294
       1042
        784
        521
        255
        -12
       -279
       -542
       -801
      -1053
      -1297
      -1530
      -1752
      -1961
      -2154
      -2332
      -2492
      -2633
      -2755
      -2856
      -2936
      -2995
      -3032
      -3047
      -3040
      -3011
      -2960
      -2887
      -2794
      -2682
      -2550
      -2400
      -2234
      -2052
      -1856
      -1648
      -1429
      -1201
       -965
       -724
       -479
       -232
         15
        261
        502
        739
        968
       1188
       1397
       1595
       1779
       1948
       2101
       2237
       2354
       2453
       2531
       2590
       2628
       2645
       2641
       2616
       2571
       2506
       2421
       2318
       2196
       2058
       1904
       1736
       1554
       1360
       1157
        944
        725
        501
        273
         43
       -186
       -413
       -636
       -854
      -1065
      -1266
      -1458
      -1637
      -1803
      -1954
      -2089
      -2208
      -2309
      -2391
      -2453
      -2496
      -2519
      -2522
      -2504
      -2466
      -2409
      -2332
      -2236
      -2122
      -1991
      -1843
      -1681
      -1505
      -1316
      -1117
       -908
       -692
       -469
       -242
        -13
        218
        447
        673
        895
       1110
       1318
       1515
       1701
       1875
       2034
       2178
       2305
       2415
       2506
       2578
       2630
       2661
       2672
       2661
       2630
       2578
       2506
       2414
       2303
       2173
       2025
       1861
       1682
       1489
       1283
       1065
        839
        604
        364
        119
       -128
       -375
       -622
       -865
      -1103
      -1335
      -1558
      -1770
      -1971
      -2159
      -2331
      -2488
      -2627
      -2747
      -2848
      -2928
      -2988
      -3026
      -3042
      -3037
      -3009
      -2959
      -2888
      -2796
      -2683
      -2550
      -2399
      -2229
      -2044
      -1842
      -1627
      -1400
      -1162
       -916
       -662
       -402
       -140
        124
        388
        650
        907
       1158
       1401
       1635
       1857
       2066
       2260
       2439
       2600
       2743
       2866
       2969
       3050
       3110
       3148
       3163
       3155
       3125
       3072
       2998
       2901
       2785
       2648
       2492
       2319
       2129
       1924
       1705
       1475
       1234
        984
        728
        466
        202
        -63
       -328
       -589
       -847
      -1097
      -1339
      -1572
      -1792
      -1999
      -2191
      -2367
      -2525
      -2665
      -2785
      -2885
      -2964
      -3021
      -3056
      -3069
      -3060
      -3029
      -2975
      -2901
      -2806
      -2690
      -2556
      -2404
      -2234
      -2050
      -1851
      -1639
      -1417
      -1185
       -946
       -701
       -452
       -201
         50
        299
        545
        785
       1018
       1242
       1456
       1657
       1845
       2018
       2174
       2313
       2434
       2535
       2617
       2678
       2718
       2738
       2735
       2712
       2668
       2603
       2519
       2415
       2293
       2154
       1998
       1827
       1643
       1446
       1239
       1023
        799
        570
        337
        102
       -133
       -367
       -597
       -822
      -1039
      -1249
      -1447
      -1635
      -1808
      -1968
      -2111
      -2238
      -2347
      -2437
      -2508
      -2559
      -2590
      -2600
      -2590
      -2559
      -2508
      -2437
      -2347
      -2238
      -2111
      -1968
      -1809
      -1636
      -1450
      -1252
      -1044
       -828
       -605
       -377
       -146
         86
        318
        548
        774
        994
       1207
       1410
       1603
       1784
       1950
       2102
       2238
       2356
       2456
       2537
       2598
       2639
       2659
       2658
       2637
       2595
       2532
       2449
       2347
       2226
       2087
       1931
       1760
       1574
       1375
       1165
        944
        715
        480
        239
         -4
       -249
       -493
       -734
       -971
      -1202
      -1425
      -1639
      -1841
      -2031
      -2206
      -2365
      -2508
      -2632
      -2738
      -2824
      -2889
      -2933
      -2956
      -2957
      -2936
      -2893
      -2829
      -2745
      -2639
      -2514
      -2371
      -2209
      -2031
      -1837
      -1630
      -1410
      -1179
       -939
       -692
       -439
       -182
         77
        335
        592
        845
       1092
       1332
       1562
       1782
       1989
       2182
       2359
       2519
       2661
       2784
       2887
       2969
       3029
       3068
       3084
       3078
       3050
       3000
       2927
       2834
       2720
       2586
       2433
       2263
       2076
       1875
       1659
       1432
       1194
        948
        694
        436
        175
        -88
       -349
       -609
       -863
      -1111
      -1351
      -1581
      -1800
      -2005
      -2195
      -2370
      -2526
      -2665
      -2784
      -2882
      -2960
      -3016
      -3050
      -3062
      -3052
      -3020
      -2966
      -2891
      -2795
      -2679
      -2544
      -2391
      -2221
      -2035
      -1835
      -1622
      -1398
      -1165
       -924
       -677
       -427
       -174
         79
        331
        579
        821
       1057
       1284
       1500
       1704
       1894
       2069
       2229
       2370
       2493
       2597
       2681
       2744
       2786
       2806
       2805
       2783
       2740
       2675
       2591
       2487
       2365
       2224
       2067
       1895
       1708
       1509
       1299
       1080
        853
        620
        383
        143
        -97
       -336
       -572
       -802
      -1026
      -1242
      -1447
      -1641
      -1821
      -1987
      -2138
      -2271
      -2387
      -2484
      -2561
      -2619
      -2655
      -2672
      -2667
      -2641
      -2595
      -2529
      -2443
      -2339
      -2216
      -2076
      -1919
      -1748
      -1564
      -1367
      -1160
       -943
       -720
       -490
       -257
        -22
        213
        446
        676
        901
       1119
       1328
       1527
       1714
       1887
       2046
       2190
       2316
       2424
       2513
       2583
       2632
       2661
       2669
       2656
       2622
       2568
       2493
       2399
       2286
       2154
       2005
       1841
       1661
       1468
       1262
       1047
        822
        590
        353
        112
       -130
       -373
       -613
       -850
      -1082
      -1306
      -1521
      -1725
      -1918
      -2096
      -2259
      -2406
      -2536
      -2647
      -2738
      -2810
      -2860
      -2890
      -2898
      -2884
      -2849
      -2792
      -2715
      -2617
      -2500
      -2363
      -2209
      -2038
      -1851
      -1651
      -1437
      -1213
       -979
       -737
       -489
       -238
         17
        271
        524
        774
       1018
       1255
       1484
       1702
       1908
       2100
       2277
       2437
       2580
       2704
       2809
       2893
       2955
       2997
       3016
       3013
       2988
       2940
       2872
       2782
       2671
       2541
       2393
       2226
       2043
       1845
       1634
       1410
       1176
        933
        683
        428
        169
        -90
       -350
       -606
       -859
      -1105
      -1343
      -1571
      -1788
      -1992
      -2182
      -2356
      -2512
      -2650
      -2769
      -2868
      -2946
      -3003
      -3038
      -3050
      -3041
      -3009
      -2956
      -2881
      -2786
      -2670
      -2536
      -2383
      -2213
      -2028
      -1828
      -1615
      -1391
      -1158
       -916
       -669
       -417
       -163
         91
        344
        593
        837
       1075
       1303
       1521
       1727
       1919
       2096
       2258
       2401
       2527
       2632
       2718
       2783
       2827
       2849
       2850
       2829
       2787
       2724
       2641
       2537
       2415
       2274
       2117
       1944
       1757
       1557
       1345
       1124
        894
        659
        418
        176
        -68
       -310
       -550
       -785
      -1013
      -1233
      -1444
      -1642
      -1828
      -1999
      -2155
      -2294
      -2415
      -2517
      -2600
      -2663
      -2705
      -2726
      -2726
      -2705
      -2663
      -2601
      -2519
      -2418
      -2298
      -2160
      -2006
      -1836
      -1653
      -1457
      -1250
      -1033
       -808
       -578
       -343
       -106
        132
        369
        603
        832
       1054
       1268
       1472
       1665
       1845
       2010
       2160
       2293
       2408
       2504
       2581
       2637
       2674
       2689
       2683
       2656
       2609
       2541
       2453
       2346
       2221
       2078
       1918
       1743
       1555
       1353
       1141
        920
        690
        455
        215
        -27
       -269
       -510
       -748
       -981
      -1207
      -1424
      -1632
      -1828
      -2010
      -2178
      -2330
      -2465
      -2581
      -2679
      -2756
      -2813
      -2849
      -2864
      -2857
      -2829
      -2780
      -2709
      -2619
      -2508
      -2379
      -2232
      -2067
      -1887
      -1692
      -1485
      -1266
      -1037
       -800
       -556
       -308
        -57
        195
        445
        693
        936
       1173
       1401
       1619
       1826
       2019
       2197
       2359
       2505
       2631
       2739
       2826
       2892
       2937
       2961
       2962
       2941
       2899
       2835
       2751
       2645
       2521
       2377
       2216
       2038
       1845
       1638
       1419
       1189
        950
        704
        453
        198
        -59
       -315
       -569
       -819
      -1063
      -1300
      -1527
      -1743
      -1947
      -2136
      -2309
      -2466
      -2605
      -2724
      -2824
      -2903
      -2961
      -2997
      -3012
      -3004
      -2975
      -2923
      -2851
      -2758
      -2644
      -2512
      -2361
      -2193
      -2010
      -1812
      -1601
      -1379
      -1147
       -907
       -661
       -410
       -157
         96
        349
        598
        842
       1080
       1308
       1527
       1734
       1927
       2105
       2267
       2412
       2539
       2646
       2733
       2799
       2844
       2868
       2870
       2850
       2809
       2746
       2663
       2560
       2438
       2298
       2140
       1967
       1779
       1578
       1365
       1142
        911
        674
        431
        186
        -60
       -305
       -548
       -786
      -1018
      -1242
      -1456
      -1658
      -1848
      -2024
      -2184
      -2327
      -2453
      -2559
      -2646
      -2713
      -2759
      -2784
      -2788
      -2770
      -2732
      -2672
      -2593
      -2494
      -2376
      -2240
      -2087
      -1918
      -1735
      -1539
      -1332
      -1114
       -889
       -657
       -420
       -180
         61
        301
        538
        772
        999
       1218
       1427
       1625
       1811
       1982
       2138
       2277
       2399
       2502
       2585
       2649
       2692
       2714
       2714
       2694
       2653
       2591
       2509
       2408
       2288
       2150
       1995
       1825
       1640
       1442
       1232
       1013
        786
        552
        313
         71
       -171
       -413
       -652
       -887
      -1116
      -1336
      -1547
      -1746
      -1933
      -2105
      -2262
      -2402
      -2524
      -2628
      -2711
      -2775
      -2817
      -2839
      -2839
      -2818
      -2775
      -2712
      -2628
      -2524
      -2401
      -2259
      -2101
      -1926
      -1737
      -1535
      -1320
      -1096
       -862
       -623
       -378
       -130
        120
        368
        614
        856
       1092
       1320
       1539
       1746
       1940
       2120
       2284
       2432
       2561
       2672
       2763
       2833
       2882
       2909
       2915
       2899
       2861
       2802
       2722
       2622
       2502
       2363
       2207
       2034
       1845
       1643
       1428
       1202
        967
        724
        476
        224
        -31
       -285
       -537
       -785
      -1028
      -1264
      -1491
      -1706
      -1910
      -2099
      -2273
      -2431
      -2571
      -2691
      -2793
      -2873
      -2933
      -2971
      -2987
      -2981
      -2954
      -2905
      -2834
      -2743
      -2632
      -2501
      -2353
      -2187
      -2005
      -1809
      -1599
      -1379
      -1148
       -909
       -664
       -414
       -162
         92
        344
        593
        837
       1074
       1303
       1522
       1730
       1924
       2103
       2266
       2412
       2540
       2648
       2737
       2805
       2851
       2877
       2880
       2862
       2823
       2762
       2681
       2579
       2459
       2319
       2163
       1991
       1803
       1603
       1390
       1167
        936
        698
        455
        209
        -38
       -285
       -530
       -770
      -1004
      -1230
      -1447
      -1653
      -1846
      -2024
      -2188
      -2334
      -2463
      -2573
      -2663
      -2733
      -2783
      -2811
      -2818
      -2804
      -2768
      -2711
      -2634
      -2538
      -2422
      -2287
      -2136
      -1969
      -1786
      -1591
      -1384
      -1166
       -940
       -707
       -468
       -227
         16
        259
        499
        735
        966
       1189
       1402
       1604
       1794
       1970
       2131
       2275
       2402
       2510
       2599
       2667
       2716
       2743
       2749
       2733
       2697
       2640
       2562
       2465
       2348
       2214
       2062
       1894
       1711
       1515
       1307
       1089
        862
        629
        390
        148
        -96
       -339
       -580
       -817
      -1048
      -1272
      -1486
      -1689
      -1880
      -2057
      -2219
      -2364
      -2491
      -2600
      -2689
      -2759
      -2807
      -2835
      -2841
      -2825
      -2789
      -2731
      -2653
      -2554
      -2437
      -2301
      -2147
      -1977
      -1792
      -1594
      -1383
      -1162
