0
88
176
263
348
430
509
584
655
720
781
835
883
925
959
987
1007
1019
1023
1020
1010
991
965
932
892
845
792
733
668
598
524
446
364
280
194
106
17
-71
-159
-246
-331
-414
-494
-569
-641
-708
-769
-825
-874
-917
-953
-982
-1003
-1017
-1023
-1022
-1012
-995
-971
-939
-901
-855
-803
-745
-681
-613
-539
-462
-381
-297
-211
-123
-35
53
141
229
314
398
478
555
627
695
757
814
865
909
946
977
1000
1015
1023
1023
1015
999
977
946
909
865
814
757
695
627
554
478
397
314
228
141
53
-35
-124
-211
-298
-381
-462
-540
-613
-682
-745
-803
-855
-901
-940
-971
-996
-1012
-1022
-1023
-1017
-1003
-982
-953
-917
-874
-825
-769
-707
-641
-569
-493
-414
-331
-246
-158
-70
18
106
194
281
365
446
525
599
669
733
792
846
892
932
966
991
1010
1020
1023
1019
1006
987
959
925
883
835
781
720
654
584
509
430
348
263
176
88
0
-89
-177
-263
-348
-430
-509
-584
-655
-721
-781
-835
-884
-925
-960
-987
-1007
-1019
-1023
-1020
-1010
-991
-965
-932
-892
-845
-792
-733
-668
-598
-524
-446
-364
-280
-193
-105
-17
71
159
246
332
414
494
570
641
708
769
825
874
917
953
982
1003
1017
1023
1022
1012
995
971
939
900
855
803
745
681
612
539
462
381
297
211
123
34
-53
-142
-229
-315
-398
-478
-555
-627
-695
-758
-814
-865
-909
-947
-977
-1000
-1015
-1023
-1023
-1015
-999
-976
-946
-909
-865
-814
-757
-694
-626
-554
-477
-397
-314
-228
-141
-52
36
124
212
298
382
463
540
613
682
746
804
856
901
940
971
996
1012
1022
1023
1017
1003
982
953
917
874
824
769
707
640
569
493
413
330
245
158
70
-18
-107
-195
-281
-365
-447
-525
-599
-669
-733
-793
-846
-893
-933
-966
-991
-1010
-1020
-1023
-1019
-1006
-986
-959
-924
-883
-835
-780
-720
-654
-583
-508
-429
-347
-262
-176
-87
0
89
177
264
349
431
510
585
655
721
781
836
884
925
960
987
1007
1019
1023
1020
1009
991
965
932
892
845
792
732
668
598
524
445
364
279
193
105
16
-71
-160
-247
-332
-415
-494
-570
-642
-708
-770
-825
-875
-917
-953
-982
-1003
-1017
-1023
-1022
-1012
-995
-971
-939
-900
-855
-803
-745
-681
-612
-539
-461
-380
-296
-210
-123
-34
54
142
230
315
398
479
555
628
695
758
815
865
910
947
977
1000
1015
1023
1022
1015
999
976
946
909
864
814
757
694
626
554
477
397
313
228
140
52
-36
-125
-212
-298
-382
-463
-540
-614
-682
-746
-804
-856
-901
-940
-972
-996
-1013
-1022
-1023
-1017
-1003
-981
-953
-917
-874
-824
-768
-707
-640
-568
-492
-413
-330
-245
-158
-69
18
107
195
281
366
447
525
599
669
734
793
846
893
933
966
992
1010
1020
1023
1019
1006
986
959
924
883
835
780
720
654
583
508
429
347
262
175
87
-1
-89
-178
-264
-349
-431
-510
-585
-656
-721
-782
-836
-884
-925
-960
-987
-1007
-1019
-1023
-1020
-1009
-991
-965
-932
-892
-845
-791
-732
-667
-597
-523
-445
-363
-279
-193
-105
-16
72
160
247
332
415
495
570
642
709
770
826
875
918
954
982
1003
1017
1023
1022
1012
995
971
939
900
854
802
744
681
612
538
461
380
296
210
122
34
-54
-143
-230
-316
-399
-479
-556
-628
-696
-758
-815
-866
-910
-947
-977
-1000
-1015
-1023
-1022
-1015
-999
-976
-946
-908
-864
-813
-756
-694
-626
-553
-477
-396
-313
-227
-140
-51
36
125
213
299
382
463
541
614
683
746
804
856
901
940
972
996
1013
1022
1023
1017
1003
981
952
916
873
824
768
707
640
568
492
412
330
244
157
69
-19
-107
-195
-282
-366
-447
-526
-600
-669
-734
-793
-846
-893
-933
-966
-992
-1010
-1020
-1023
-1019
-1006
-986
-959
-924
-883
-834
-780
-719
-653
-583
-508
-429
-346
-262
-175
-87
1
90
178
265
349
431
510
585
656
722
782
836
884
926
960
987
1007
1019
1023
1020
1009
991
965
932
891
844
791
732
667
597
523
445
363
279
192
104
16
-72
-160
-248
-333
-415
-495
-571
-642
-709
-770
-826
-875
-918
-954
-982
-1004
-1017
-1023
-1022
-1012
-995
-971
-939
-900
-854
-802
-744
-680
-611
-538
-460
-379
-296
-210
-122
-33
55
143
230
316
399
479
556
628
696
759
815
866
910
947
977
1000
1015
1023
1022
1015
999
976
946
908
864
813
756
693
626
553
476
396
312
227
139
51
-37
-125
-213
-299
-383
-464
-541
-614
-683
-747
-804
-856
-902
-940
-972
-996
-1013
-1022
-1023
-1017
-1003
-981
-952
-916
-873
-824
-768
-706
-639
-568
-492
-412
-329
-244
-157
-69
19
108
196
282
366
448
526
600
670
734
793
846
893
933
966
992
1010
1021
1023
1019
1006
986
959
924
882
834
779
719
653
582
507
428
346
261
174
86
-2
-90
-178
-265
-350
-432
-511
-586
-656
-722
-782
-836
-884
-926
-960
-987
-1007
-1019
-1023
-1020
-1009
-991
-965
-931
-891
-844
-791
-731
-667
-597
-522
-444
-363
-278
-192
-104
-15
73
161
248
333
416
495
571
643
709
771
826
875
918
954
982
1004
1017
1023
1021
1012
995
970
939
900
854
802
744
680
611
538
460
379
295
209
121
33
-55
-143
-231
-316
-400
-480
-556
-629
-696
-759
-815
-866
-910
-947
-977
-1000
-1015
-1023
-1022
-1015
-999
-976
-946
-908
-864
-813
-756
-693
-625
-553
-476
-395
-312
-226
-139
-51
37
126
213
299
383
464
541
615
683
747
805
856
902
940
972
996
1013
1022
1023
1017
1003
981
952
916
873
823
768
706
639
567
491
412
329
244
157
68
-20
-108
-196
-282
-367
-448
-526
-600
-670
-735
-794
-847
-893
-933
-966
-992
-1010
-1021
-1023
-1019
-1006
-986
-959
-924
-882
-834
-779
-719
-653
-582
-507
-428
-346
-261
-174
-86
2
91
179
265
350
432
511
586
657
722
782
837
885
926
960
987
1007
1019
1023
1020
1009
991
965
931
891
844
791
731
666
597
522
444
362
278
191
103
15
-73
-161
-248
-333
-416
-496
-571
-643
-710
-771
-826
-876
-918
-954
-983
-1004
-1017
-1023
-1021
-1012
-995
-970
-938
-900
-854
-802
-743
-680
-611
-537
-460
-379
-295
-209
-121
-32
55
144
231
317
400
480
557
629
697
759
816
866
910
947
977
1000
1015
1023
1022
1014
999
976
945
908
863
813
756
693
625
552
475
395
312
226
139
50
-38
-126
-214
-300
-384
-464
-542
-615
-684
-747
-805
-857
-902
-941
-972
-996
-1013
-1022
-1023
-1017
-1003
-981
-952
-916
-873
-823
-767
-706
-639
-567
-491
-411
-329
-243
-156
-68
20
109
197
283
367
449
527
601
670
735
794
847
894
933
966
992
1010
1021
1023
1019
1006
986
958
924
882
834
779
718
653
582
507
427
345
260
174
85
-2
-91
-179
-266
-351
-433
-511
-586
-657
-722
-783
-837
-885
-926
-960
-987
-1007
-1019
-1023
-1020
-1009
-991
-964
-931
-891
-844
-790
-731
-666
-596
-522
-443
-362
-277
-191
-103
-14
73
162
249
334
416
496
572
643
710
771
827
876
918
954
983
1004
1017
1023
1021
1012
995
970
938
899
854
801
743
679
610
537
459
378
294
208
121
32
-56
-144
-232
-317
-400
-480
-557
-629
-697
-759
-816
-866
-910
-948
-978
-1000
-1015
-1023
-1022
-1014
-999
-976
-945
-908
-863
-812
-755
-693
-625
-552
-475
-395
-311
-226
-138
-50
38
127
214
300
384
465
542
615
684
747
805
857
902
941
972
996
1013
1022
1023
1017
1003
981
952
916
873
823
767
705
638
567
491
411
328
243
156
67
-20
-109
-197
-283
-367
-449
-527
-601
-671
-735
-794
-847
-894
-934
-966
-992
-1010
-1021
-1023
-1019
-1006
-986
-958
-923
-882
-833
-779
-718
-652
-581
-506
-427
-345
-260
-173
-85
3
91
180
266
351
433
512
587
657
723
783
837
885
926
960
988
1007
1019
1023
1020
1009
990
964
931
891
843
790
731
666
596
521
443
361
277
191
103
14
-74
-162
-249
-334
-417
-496
-572
-644
-710
-771
-827
-876
-919
-954
-983
-1004
-1017
-1023
-1021
-1012
-995
-970
-938
-899
-853
-801
-743
-679
-610
-537
-459
-378
-294
-208
-120
-32
56
145
232
317
401
481
557
630
697
760
816
867
911
948
978
1000
1015
1023
1022
1014
999
976
945
907
863
812
755
692
624
552
475
394
311
225
138
49
-38
-127
-215
-301
-384
-465
-542
-616
-684
-748
-805
-857
-902
-941
-972
-996
-1013
-1022
-1023
-1017
-1002
-981
-952
-916
-872
-823
-767
-705
-638
-566
-490
-411
-328
-242
-155
-67
21
109
197
284
368
449
527
601
671
735
794
847
894
934
967
992
1010
1021
1023
1018
1006
986
958
923
882
833
778
718
652
581
506
427
344
260
173
85
-3
-92
-180
-267
-351
-433
-512
-587
-657
-723
-783
-837
-885
-926
-961
-988
-1007
-1019
-1023
-1020
-1009
-990
-964
-931
-890
-843
-790
-730
-665
-596
-521
-443
-361
-277
-190
-102
-14
74
162
249
335
417
497
572
644
710
772
827
876
919
954
983
1004
1017
1023
1021
1012
995
970
938
899
853
801
743
679
610
536
459
378
294
208
120
31
-57
-145
-232
-318
-401
-481
-558
-630
-698
-760
-816
-867
-911
-948
-978
-1000
-1015
-1023
-1022
-1014
-999
-975
-945
-907
-863
-812
-755
-692
-624
-551
-474
-394
-311
-225
-137
-49
39
127
215
301
385
465
543
616
684
748
806
857
903
941
972
996
1013
1022
1023
1017
1002
981
952
915
872
822
767
705
638
566
490
410
327
242
155
67
-21
-110
-198
-284
-368
-450
-528
-602
-671
-736
-795
-848
-894
-934
-967
-992
-1010
-1021
-1023
-1018
-1006
-986
-958
-923
-881
-833
-778
-718
-652
-581
-505
-426
-344
-259
-172
-84
4
92
180
267
352
434
512
587
658
723
783
838
885
927
961
988
1007
1019
1023
1020
1009
990
964
931
890
843
790
730
665
595
521
442
361
276
190
102
13
-75
-163
-250
-335
-418
-497
-573
-644
-711
-772
-827
-876
-919
-955
-983
-1004
-1017
-1023
-1021
-1012
-995
-970
-938
-899
-853
-801
-742
-678
-609
-536
-458
-377
-293
-207
-119
-31
57
145
233
318
401
482
558
630
698
760
817
867
911
948
978
1000
1015
1023
1022
1014
999
975
945
907
863
812
754
692
624
551
474
394
310
224
137
49
-39
-128
-215
-301
-385
-466
-543
-616
-685
-748
-806
-858
-903
-941
-973
-997
-1013
-1022
-1023
-1016
-1002
-981
-951
-915
-872
-822
-766
-705
-638
-566
-490
-410
-327
-242
-155
-66
22
110
198
284
369
450
528
602
672
736
795
848
894
934
967
992
1010
1021
1023
1018
1006
985
958
923
881
833
778
717
651
580
505
426
344
259
172
84
-4
-93
-181
-267
-352
-434
-513
-588
-658
-724
-784
-838
-886
-927
-961
-988
-1007
-1019
-1023
-1020
-1009
-990
-964
-930
-890
-843
-789
-730
-665
-595
-520
-442
-360
-276
-189
-101
-13
75
163
250
335
418
497
573
644
711
772
827
877
919
955
983
1004
1017
1023
1021
1012
994
970
938
899
853
800
742
678
609
536
458
377
293
207
119
30
-57
-146
-233
-319
-402
-482
-558
-631
-698
-760
-817
-867
-911
-948
-978
-1000
-1015
-1023
-1022
-1014
-998
-975
-945
-907
-862
-811
-754
-691
-623
-551
-474
-393
-310
-224
-137
-48
40
128
216
302
385
466
543
617
685
748
806
858
903
941
973
997
1013
1022
1023
1016
1002
980
951
915
872
822
766
704
637
565
489
409
327
241
154
66
-22
-111
-198
-285
-369
-450
-528
-602
-672
-736
-795
-848
-895
-934
-967
-992
-1010
-1021
-1023
-1018
-1006
-985
-958
-923
-881
-832
-778
-717
-651
-580
-505
-426
-343
-258
-172
-83
4
93
181
268
352
434
513
588
658
724
784
838
886
927
961
988
1007
1019
1023
1020
1009
990
964
930
890
843
789
730
665
595
520
442
360
276
189
101
12
-75
-164
-251
-336
-418
-498
-573
-645
-711
-772
-828
-877
-919
-955
-983
-1004
-1018
-1023
-1021
-1012
-994
-970
-938
-898
-852
-800
-742
-678
-609
-535
-458
-376
-293
-206
-119
-30
58
146
233
319
402
482
559
631
698
761
817
868
911
948
978
1001
1015
1023
1022
1014
998
975
944
907
862
811
754
691
623
550
473
393
309
224
136
48
-40
-129
-216
-302
-386
-467
-544
-617
-685
-749
-806
-858
-903
-942
-973
-997
-1013
-1022
-1023
-1016
-1002
-980
-951
-915
-872
-822
-766
-704
-637
-565
-489
-409
-326
-241
-154
-65
22
111
199
285
369
451
529
603
672
737
795
848
895
934
967
993
1010
1021
1023
1018
1006
985
958
923
881
832
777
717
651
580
504
425
343
258
171
83
-5
-93
-181
-268
-353
-435
-513
-588
-659
-724
-784
-838
-886
-927
-961
-988
-1007
-1019
-1023
-1020
-1009
-990
-964
-930
-890
-842
-789
-729
-664
-594
-520
-441
-360
-275
-189
-101
-12
76
164
251
336
419
498
574
645
712
773
828
877
919
955
983
1004
1018
1023
1021
1012
994
969
937
898
852
800
742
678
609
535
457
376
292
206
118
30
-58
-147
-234
-319
-402
-483
-559
-631
-699
-761
-817
-868
-912
-948
-978
-1001
-1016
-1023
-1022
-1014
-998
-975
-944
-907
-862
-811
-754
-691
-623
-550
-473
-392
-309
-223
-136
-47
41
129
217
303
386
467
544
617
686
749
807
858
903
942
973
997
1013
1022
1023
1016
1002
980
951
915
871
822
765
704
637
565
489
409
326
241
153
65
-23
-111
-199
-286
-370
-451
-529
-603
-672
-737
-796
-848
-895
-935
-967
-993
-1011
-1021
-1023
-1018
-1006
-985
-957
-922
-880
-832
-777
-716
-650
-579
-504
-425
-343
-258
-171
-83
5
94
182
269
353
435
514
589
659
724
784
838
886
927
961
988
1008
1019
1023
1020
1009
990
964
930
889
842
789
729
664
594
519
441
359
275
188
100
12
-76
-164
-251
-337
-419
-498
-574
-645
-712
-773
-828
-877
-920
-955
-983
-1004
-1018
-1023
-1021
-1012
-994
-969
-937
-898
-852
-800
-741
-677
-608
-535
-457
-376
-292
-206
-118
-29
59
147
234
320
403
483
559
632
699
761
818
868
912
949
978
1001
1016
1023
1022
1014
998
975
944
906
862
811
753
690
622
550
473
392
309
223
135
47
-41
-129
-217
-303
-387
-467
-544
-618
-686
-749
-807
-858
-904
-942
-973
-997
-1013
-1022
-1023
-1016
-1002
-980
-951
-914
-871
-821
-765
-703
-636
-564
-488
-408
-325
-240
-153
-65
23
112
200
286
370
451
529
603
673
737
796
849
895
935
967
993
1011
1021
1023
1018
1005
985
957
922
880
832
777
716
650
579
504
425
342
257
170
82
-6
-94
-182
-269
-354
-435
-514
-589
-659
-725
-785
-839
-886
-927
-961
-988
-1008
-1019
-1023
-1020
-1009
-990
-963
-930
-889
-842
-788
-729
-664
-594
-519
-441
-359
-274
-188
-100
-11
77
165
252
337
419
499
574
646
712
773
828
877
920
955
984
1004
1018
1023
1021
1011
994
969
937
898
852
799
741
677
608
534
456
375
291
205
117
29
-59
-147
-235
-320
-403
-483
-560
-632
-699
-761
-818
-868
-912
-949
-978
-1001
-1016
-1023
-1022
-1014
-998
-975
-944
-906
-861
-810
-753
-690
-622
-549
-472
-392
-308
-222
-135
-47
41
130
217
303
387
468
545
618
686
750
807
859
904
942
973
997
1013
1022
1023
1016
1002
980
951
914
871
821
765
703
636
564
488
408
325
240
153
64
-24
-112
-200
-286
-370
-452
-530
-604
-673
-737
-796
-849
-895
-935
-968
-993
-1011
-1021
-1023
-1018
-1005
-985
-957
-922
-880
-831
-777
-716
-650
-579
-503
-424
-342
-257
-170
-82
6
95
183
269
354
436
515
589
660
725
785
839
887
928
962
988
1008
1019
1023
1020
1009
990
963
930
889
842
788
728
663
593
519
440
358
274
187
99
11
-77
-165
-252
-337
-420
-499
-575
-646
-712
-773
-829
-878
-920
-955
-984
-1004
-1018
-1023
-1021
-1011
-994
-969
-937
-898
-852
-799
-741
-677
-608
-534
-456
-375
-291
-205
-117
-28
59
148
235
321
404
484
560
632
700
762
818
868
912
949
979
1001
1016
1023
1022
1014
998
975
944
906
861
810
753
690
622
549
472
391
308
222
135
46
-42
-130
-218
-304
-387
-468
-545
-618
-687
-750
-807
-859
-904
-942
-973
-997
-1013
-1022
-1023
-1016
-1002
-980
-951
-914
-871
-821
-765
-703
-636
-564
-488
-408
-325
-239
-152
-64
24
113
200
287
371
452
530
604
673
738
796
849
895
935
968
993
1011
1021
1023
1018
1005
985
957
922
880
831
776
716
649
578
503
424
341
256
170
81
-6
-95
-183
-270
-354
-436
-515
-590
-660
-725
-785
-839
-887
-928
-962
-988
-1008
-1019
-1023
-1020
-1008
-990
-963
-929
-889
-841
-788
-728
-663
-593
-518
-440
-358
-274
-187
-99
-10
77
166
253
338
420
499
575
646
713
774
829
878
920
956
984
1005
1018
1023
1021
1011
994
969
937
897
851
799
740
676
607
534
456
375
291
204
117
28
-60
-148
-235
-321
-404
-484
-560
-633
-700
-762
-818
-869
-912
-949
-979
-1001
-1016
-1023
-1022
-1014
-998
-974
-944
-906
-861
-810
-753
-690
-621
-549
-472
-391
-308
-222
-134
-46
42
131
218
304
388
468
545
619
687
750
808
859
904
942
