0
284
429
394
265
192
284
531
812
976
955
804
669
679
856
1098
1255
1228
1046
840
754
842
1027
1162
1127
920
653
479
479
608
725
697
488
189
-47
-114
-26
92
96
-79
-371
-633
-736
-665
-521
-458
-566
-812
-1061
-1171
-1095
-911
-770
-786
-958
-1168
-1267
-1179
-953
-733
-652
-740
-903
-990
-898
-648
-369
-206
-221
-346
-434
-363
-122
181
393
427
318
205
225
420
706
932
985
871
711
654
770
1004
1211
1262
1130
914
768
788
950
1124
1164
1018
756
530
458
549
690
731
589
309
30
-110
-73
51
115
10
-250
-542
-718
-710
-577
-465
-501
-705
-972
-1150
-1146
-988
-812
-758
-876
-1090
-1249
-1236
-1051
-810
-662
-688
-839
-973
-957
-760
-473
-250
-195
-292
-413
-414
-233
63
328
435
371
241
195
324
591
859
987
930
770
657
703
905
1142
1265
1200
1000
809
759
876
1064
1171
1097
865
606
464
498
638
734
668
429
131
-76
-106
0
106
75
-133
-432
-669
-734
-636
-497
-465
-608
-868
-1098
-1170
-1062
-874
-758
-811
-1002
-1201
-1265
-1140
-903
-702
-657
-772
-932
-987
-857
-588
-322
-195
-242
-372
-435
-326
-60
236
415
413
291
195
251
476
762
958
972
837
687
663
812
1053
1237
1248
1088
874
757
813
990
1146
1149
969
702
500
466
578
711
717
540
247
-12
-115
-50
74
109
-32
-312
-591
-731
-689
-547
-458
-531
-759
-1020
-1165
-1123
-949
-787
-769
-916
-1132
-1262
-1210
-1002
-768
-653
-712
-873
-985
-930
-704
-418
-224
-206
-320
-427
-392
-178
124
365
434
345
220
207
371
650
899
989
902
738
652
734
955
1180
1267
1166
956
785
771
913
1097
1171
1059
809
564
458
522
666
736
631
368
77
-97
-92
27
114
45
-191
-490
-698
-725
-606
-478
-480
-655
-922
-1128
-1161
-1025
-840
-754
-842
-1048
-1229
-1254
-1096
-854
-678
-670
-806
-955
-976
-809
-528
-282
-192
-266
-395
-428
-281
2
286
429
393
264
192
285
534
814
977
954
803
669
680
858
1100
1255
1227
1044
839
754
843
1029
1162
1126
917
651
478
480
609
726
696
485
186
-48
-114
-25
93
95
-81
-374
-634
-736
-663
-520
-458
-567
-814
-1063
-1172
-1094
-910
-769
-787
-960
-1170
-1267
-1177
-951
-731
-652
-741
-904
-990
-896
-645
-366
-205
-222
-347
-435
-362
-119
183
394
426
317
204
226
422
709
933
984
870
710
654
772
1006
1213
1261
1128
913
767
789
952
1125
1164
1016
754
528
458
550
691
730
587
306
28
-110
-72
52
115
9
-252
-544
-719
-709
-576
-465
-502
-707
-974
-1151
-1145
-987
-811
-758
-878
-1092
-1249
-1235
-1049
-808
-662
-689
-840
-974
-956
-757
-470
-249
-196
-293
-414
-414
-231
65
329
435
370
240
196
326
593
860
987
929
769
657
705
907
1144
1265
1199
998
808
759
877
1065
1171
1095
863
604
464
499
639
735
666
427
128
-77
-105
1
107
73
-136
-435
-671
-734
-635
-496
-465
-610
-870
-1100
-1170
-1061
-873
-758
-812
-1004
-1203
-1264
-1138
-900
-701
-658
-773
-933
-986
-855
-585
-320
-195
-243
-373
-435
-324
-57
238
416
412
289
195
253
478
764
959
972
836
686
664
814
1056
1238
1247
1086
873
757
814
992
1147
1148
967
700
499
466
580
711
717
538
244
-14
-116
-49
75
109
-34
-315
-593
-732
-688
-546
-458
-532
-761
-1022
-1165
-1121
-947
-786
-769
-918
-1133
-1262
-1209
-999
-766
-653
-714
-874
-985
-929
-701
-415
-223
-206
-321
-428
-391
-176
127
366
434
344
219
207
373
653
901
989
900
737
652
736
958
1182
1267
1165
954
784
771
915
1098
1171
1057
807
562
457
524
667
736
629
366
74
-98
-91
28
114
44
-194
-493
-699
-724
-605
-477
-481
-658
-924
-1129
-1161
-1024
-839
-754
-843
-1050
-1230
-1253
-1094
-852
-677
-671
-807
-956
-975
-807
-526
-280
-192
-267
-396
-428
-279
5
288
430
392
263
192
287
536
816
977
953
801
668
681
860
1102
1256
1226
1042
837
754
844
1030
1163
1125
915
649
477
480
610
726
695
483
183
-50
-114
-23
94
95
-84
-377
-636
-736
-662
-519
-458
-569
-817
-1064
-1172
-1093
-908
-769
-788
-961
-1171
-1267
-1175
-949
-730
-652
-743
-906
-990
-894
-643
-364
-205
-223
-348
-435
-360
-116
186
396
426
316
204
227
425
711
934
984
868
709
654
773
1008
1214
1261
1126
911
767
790
954
1126
1163
1014
751
527
458
551
692
730
585
303
26
-110
-71
54
115
7
-255
-547
-720
-708
-574
-464
-504
-709
-976
-1152
-1144
-985
-809
-758
-879
-1094
-1250
-1234
-1047
-806
-661
-690
-842
-974
-955
-755
-468
-247
-196
-294
-415
-413
-229
68
331
436
369
239
196
328
596
862
987
928
767
656
706
909
1145
1265
1197
996
807
760
879
1067
1171
1093
860
602
464
500
640
735
665
424
126
-78
-105
3
107
72
-138
-437
-672
-734
-634
-495
-466
-612
-872
-1101
-1170
-1059
-871
-758
-813
-1006
-1204
-1264
-1136
-898
-700
-658
-775
-934
-986
-853
-583
-318
-194
-244
-374
-435
-322
-54
240
417
411
288
194
254
481
767
960
971
834
685
664
816
1058
1239
1246
1084
871
757
815
994
1148
1147
965
697
498
467
581
712
716
535
241
-16
-116
-48
76
108
-36
-317
-595
-732
-687
-545
-458
-534
-764
-1024
-1166
-1120
-945
-785
-770
-920
-1135
-1263
-1207
-997
-765
-653
-715
-875
-986
-928
-699
-413
-222
-207
-322
-428
-390
-173
130
368
434
342
218
208
375
656
903
989
899
736
652
738
960
1183
1267
1163
952
783
772
917
1099
1171
1055
804
561
457
525
668
736
627
363
72
-98
-90
29
115
42
-197
-495
-700
-724
-603
-477
-482
-660
-927
-1131
-1160
-1022
-837
-754
-845
-1052
-1231
-1252
-1092
-850
-677
-672
-809
-957
-974
-805
-523
-279
-192
-268
-397
-427
-277
8
290
430
391
262
192
289
539
818
978
952
800
667
682
862
1104
1256
1224
1040
836
755
846
1032
1163
1123
912
647
477
481
612
727
693
480
181
-51
-113
-22
95
94
-86
-379
-638
-736
-661
-518
-458
-571
-819
-1066
-1172
-1091
-906
-768
-789
-963
-1173
-1267
-1174
-946
-728
-652
-744
-907
-990
-893
-640
-362
-204
-223
-350
-435
-359
-113
188
397
425
315
203
228
427
714
936
983
867
708
654
775
1010
1215
1260
1124
909
766
791
956
1127
1163
1011
749
525
459
553
693
730
583
301
24
-111
-70
55
115
5
-258
-549
-720
-707
-573
-464
-505
-712
-978
-1152
-1143
-983
-808
-759
-881
-1095
-1251
-1233
-1045
-804
-661
-691
-843
-975
-954
-752
-465
-246
-196
-295
-416
-412
-226
71
333
436
368
238
196
330
599
864
988
927
766
656
707
911
1147
1266
1196
994
806
760
881
1068
1171
1092
858
600
463
501
641
735
663
421
123
-79
-104
4
108
71
-141
-440
-673
-733
-632
-494
-466
-614
-875
-1103
-1170
-1057
-869
-757
-814
-1008
-1205
-1264
-1134
-896
-699
-659
-776
-935
-986
-851
-580
-316
-194
-245
-375
-435
-320
-51
243
418
410
287
194
255
483
769
961
970
833
684
665
818
1060
1240
1245
1082
869
757
817
995
1149
1147
963
695
497
467
582
713
715
533
239
-17
-116
-47
77
108
-38
-320
-598
-732
-686
-544
-457
-535
-766
-1026
-1166
-1119
-943
-785
-771
-922
-1137
-1263
-1206
-995
-763
-653
-716
-877
-986
-926
-696
-411
-221
-207
-323
-429
-388
-170
132
369
434
341
218
209
377
658
904
989
898
734
652
739
962
1185
1267
1162
950
782
773
918
1101
1171
1054
802
559
457
526
669
736
625
360
70
-99
-89
31
115
41
-199
-498
-701
-723
-602
-476
-482
-662
-929
-1132
-1159
-1020
-836
-754
-846
-1054
-1232
-1252
-1090
-847
-676
-672
-810
-958
-973
-803
-521
-277
-192
-270
-398
-427
-275
11
292
431
390
260
192
290
542
820
979
951
798
667
683
864
1106
1257
1223
1038
834
755
847
1034
1164
1122
910
644
476
482
613
727
692
478
178
-52
-113
-21
95
93
-88
-382
-640
-737
-660
-517
-458
-573
-822
-1068
-1172
-1090
-905
-767
-790
-965
-1174
-1267
-1172
-944
-727
-652
-745
-908
-990
-891
-637
-360
-203
-224
-351
-435
-357
-111
191
398
425
313
203
229
430
716
937
983
865
707
655
777
1013
1216
1260
1123
907
765
792
958
1128
1162
1009
746
524
459
554
694
729
581
298
22
-111
-69
56
115
3
-261
-551
-721
-706
-572
-463
-506
-714
-980
-1153
-1142
-981
-807
-759
-883
-1097
-1252
-1232
-1043
-802
-660
-692
-845
-976
-953
-750
-463
-245
-197
-297
-416
-411
-224
74
335
436
367
237
197
332
601
866
988
926
764
656
708
914
1149
1266
1194
992
805
760
882
1070
1171
1090
855
598
463
502
643
735
662
419
121
-80
-104
5
108
70
-143
-443
-675
-733
-631
-494
-467
-616
-877
-1104
-1169
-1056
-868
-757
-816
-1010
-1207
-1263
-1133
-894
-697
-659
-778
-936
-985
-849
-577
-315
-194
-246
-377
-435
-318
-49
245
418
410
286
194
257
486
772
962
969
831
683
666
820
1062
1241
1245
1080
868
756
818
997
1150
1146
960
693
496
468
584
714
714
530
236
-19
-116
-46
78
107
-40
-323
-600
-733
-684
-542
-457
-537
-768
-1028
-1167
-1118
-942
-784
-771
-924
-1139
-1263
-1205
-993
-761
-653
-717
-878
-986
-925
-693
-408
-220
-208
-325
-429
-387
-168
135
371
433
340
217
209
380
661
906
989
896
733
652
741
964
1186
1267
1160
948
781
773
920
1102
1171
1052
799
557
457
527
670
736
624
357
68
-100
-89
32
115
39
-202
-500
-702
-722
-601
-475
-483
-664
-931
-1133
-1159
-1019
-835
-754
-848
-1056
-1233
-1251
-1088
-845
-675
-673
-812
-959
-973
-800
-518
-276
-192
-271
-399
-426
-273
14
294
431
389
259
192
292
544
823
979
950
796
666
684
867
1108
1258
1222
1036
833
755
849
1035
1164
1121
908
642
475
483
614
728
691
475
176
-54
-113
-20
96
92
-91
-385
-641
-737
-659
-516
-459
-575
-824
-1070
-1172
-1088
-903
-767
-791
-967
-1176
-1267
-1171
-942
-726
-652
-747
-910
-990
-889
-635
-358
-203
-225
-352
-435
-356
-108
193
399
424
312
202
230
432
719
938
982
864
705
655
779
1015
1218
1259
1121
905
765
793
959
1129
1162
1007
744
522
459
555
695
729
579
295
20
-112
-68
57
115
1
-263
-554
-722
-705
-570
-463
-507
-716
-983
-1154
-1141
-980
-806
-759
-885
-1099
-1252
-1231
-1040
-800
-660
-693
-846
-976
-952
-747
-460
-244
-197
-298
-417
-410
-222
76
337
436
365
236
197
334
604
868
988
924
763
655
710
916
1151
1266
1193
990
803
761
884
1071
1171
1089
853
596
462
503
644
735
660
416
118
-81
-103
6
109
69
-146
-445
-676
-733
-630
-493
-468
-618
-880
-1105
-1169
-1054
-866
-757
-817
-1012
-1208
-1263
-1131
-892
-696
-660
-779
-937
-985
-847
-575
-313
-194
-247
-378
-434
-317
-46
247
419
409
284
194
258
488
774
963
969
829
683
666
822
1064
1242
1244
1078
866
756
819
999
1151
1145
958
691
495
468
585
714
713
528
233
-21
-116
-45
79
107
-42
-326
-602
-733
-683
-541
-457
-539
-771
-1030
-1167
-1117
-940
-783
-772
-926
-1140
-1264
-1203
-990
-759
-652
-718
-880
-987
-923
-691
-406
-219
-209
-326
-429
-386
-165
138
372
433
339
216
210
382
664
907
989
895
732
652
742
967
1188
1267
1158
946
780
774
922
1103
1170
1050
797
555
457
528
672
736
622
355
65
-100
-88
33
115
38
-205
-503
-703
-722
-599
-475
-484
-667
-934
-1134
-1158
-1017
-833
-755
-849
-1057
-1234
-1250
-1086
-843
-674
-674
-813
-960
-972
-798
-515
-274
-192
-272
-400
-426
-271
16
296
431
388
258
192
294
547
825
980
949
795
665
685
869
1110
1258
1221
1034
831
755
850
1037
1165
1120
905
640
474
484
616
728
690
473
173
-55
-112
-19
97
91
-93
-388
-643
-736
-657
-514
-459
-576
-827
-1071
-1172
-1087
-901
-766
-792
-969
-1177
-1267
-1169
-939
-724
-653
-748
-911
-990
-887
-632
-356
-202
-226
-353
-435
-354
-105
196
400
423
311
202
231
434
721
940
982
862
704
655
781
1017
1219
1259
1119
903
764
794
961
1130
1161
1005
742
521
459
556
696
728
577
292
18
-112
-67
58
114
0
-266
-556
-722
-705
-569
-463
-509
-719
-985
-1155
-1140
-978
-805
-760
-886
-1101
-1253
-1230
-1038
-798
-659
-694
-848
-977
-951
-745
-458
-242
-197
-299
-418
-409
-219
79
338
436
364
235
198
336
607
870
988
923
762
655
711
918
1153
1266
1192
988
802
761
885
1073
1172
1087
850
594
462
504
645
736
659
413
116
-82
-103
7
109
68
-148
-448
-678
-732
-628
-492
-468
-620
-882
-1107
-1169
-1053
-865
-757
-818
-1014
-1209
-1263
-1129
-889
-695
-660
-781
-938
-984
-845
-572
-311
-193
-248
-379
-434
-315
-43
250
420
408
283
193
260
491
776
964
968
828
682
667
824
1066
1243
1243
1076
864
756
820
1001
1151
1144
956
688
494
469
586
715
712
526
230
-22
-116
-44
80
106
-45
-328
-604
-733
-682
-540
-457
-540
-773
-1032
-1168
-1115
-938
-782
-773
-928
-1142
-1264
-1202
-988
-758
-652
-720
-881
-987
-922
-688
-404
-218
-209
-327
-430
-385
-163
140
373
433
338
215
211
384
666
909
989
893
731
652
744
969
1189
1266
1157
944
779
775
923
1105
1170
1048
794
554
457
529
673
736
620
352
63
-101
-87
34
115
36
-207
-505
-704
-721
-598
-474
-485
-669
-936
-1135
-1157
-1015
-832
-755
-851
-1059
-1235
-1250
-1084
-841
-673
-675
-815
-961
-971
-796
-513
-272
-192
-273
-401
-425
-269
19
298
432
387
257
192
296
550
827
980
948
793
665
686
871
1112
1259
1220
1032
830
755
852
1039
1165
1118
903
638
474
484
617
729
689
470
170
-57
-112
-18
97
90
-95
-390
-645
-736
-656
-513
-459
-578
-829
-1073
-1172
-1085
-900
-766
-793
-971
-1179
-1267
-1167
-937
-723
-653
-749
-912
-989
-886
-629
-354
-202
-227
-354
-435
-352
-103
198
401
423
310
201
232
437
724
941
982
861
703
656
782
1019
1220
1258
1117
902
764
795
963
1131
1161
1003
739
520
460
558
697
728
575
290
16
-112
-66
59
114
-1
-269
-558
-723
-704
-568
-462
-510
-721
-987
-1156
-1139
-976
-804
-760
-888
-1103
-1254
-1229
-1036
-796
-659
-695
-849
-978
-950
-743
-455
-241
-198
-300
-418
-408
-217
82
340
436
363
234
198
338
609
872
989
922
760
655
712
920
1154
1267
1190
986
801
762
887
1074
1172
1086
848
592
461
505
647
736
657
411
113
-83
-102
9
109
66
-151
-451
-679
-732
-627
-491
-469
-622
-885
-1108
-1168
-1051
-863
-756
-820
-1016
-1211
-1262
-1127
-887
-694
-661
-782
-940
-984
-842
-569
-309
-193
-249
-380
-434
-313
-40
252
421
407
282
193
261
493
779
965
967
826
681
668
826
1068
1243
1242
1074
863
756
822
1002
1152
1143
953
686
493
469
588
716
712
523
228
-24
-116
-43
81
106
-47
-331
-606
-734
-681
-539
-457
-542
-776
-1034
-1168
-1114
-936
-781
-773
-929
-1144
-1264
-1200
-986
-756
-652
-721
-883
-987
-920
-686
-401
-217
-210
-328
-430
-383
-160
143
375
432
336
215
212
386
669
911
989
892
729
652
745
971
1191
1266
1155
942
779
776
925
1106
1170
1046
792
552
457
531
674
735
618
349
61
-102
-86
35
115
35
-210
-508
-705
-720
-597
-473
-486
-671
-938
-1136
-1157
-1014
-830
-755
-852
-1061
-1236
-1249
-1082
-839
-672
-675
-816
-962
-970
-794
-510
-271
-192
-274
-402
-425
-266
22
300
432
386
256
192
297
552
829
981
947
792
664
687
873
1114
1259
1219
1030
828
755
853
1040
1166
1117
900
636
473
485
618
729
687
467
168
-58
-112
-16
98
89
-98
-393
-647
-736
-655
-512
-459
-580
-832
-1075
-1172
-1084
-898
-765
-794
-973
-1180
-1267
-1166
-935
-721
-653
-751
-914
-989
-884
-627
-351
-201
-228
-356
-436
-351
-100
201
402
422
308
201
233
439
726
942
981
859
702
656
784
1022
1221
1258
1115
900
763
796
965
1133
1160
1001
737
518
460
559
698
727
572
287
14
-113
-65
60
114
-3
-272
-560
-724
-703
-566
-462
-511
-724
-989
-1156
-1138
-974
-802
-761
-890
-1105
-1254
-1228
-1034
-794
-658
-696
-851
-978
-949
-740
-453
-240
-198
-302
-419
-407
-214
85
342
436
362
233
198
340
612
874
989
921
759
654
714
923
1156
1267
1189
984
800
762
889
1076
1172
1084
845
590
461
506
648
736
655
408
111
-84
-101
10
110
65
-153
-453
-680
-732
-626
-490
-469
-624
-887
-1110
-1168
-1049
-862
-756
-821
-1018
-1212
-1262
-1125
-885
-693
-661
-784
-941
-984
-840
-567
-307
-193
-250
-381
-434
-311
-37
254
421
406
281
193
263
496
781
966
966
825
680
668
828
1070
1244
1241
1072
861
755
823
1004
1153
1142
951
684
492
470
589
717
711
521
225
-26
-116
-41
81
105
-49
-334
-607
-734
-680
-537
-457
-543
-778
-1036
-1168
-1113
-935
-780
-774
-931
-1146
-1265
-1199
-984
-754
-652
-722
-884
-987
-919
-683
-399
-216
-211
-330
-431
-382
-157
146
376
432
335
214
213
389
671
912
988
891
728
652
747
